{
 "cells": [
  {
   "cell_type": "markdown",
   "id": "01c24b15",
   "metadata": {},
   "source": [
    "# Comparación de datos numéricos vs. numéricos\n",
    "\n",
    "En esta lección veremos las técnicas más usadas para realizar el análisis bivariado de variables numéricas. En particular veremos:\n",
    "\n",
    "1. La correlación\n",
    "2. La matriz de correlación\n",
    "3. Los gráficos de dispersión (*scatter plots*)\n",
    "4. Los mapas hexagonales (*hex binings*) y los mapas de contorno o de curvas de contorno (*contour maps*)\n",
    "\n",
    "Por cada una de estas herramientas veremos qué es, cuándo usarla y un ejemplo práctico de uso enfocado al análisis exploratorio."
   ]
  },
  {
   "cell_type": "markdown",
   "id": "ab5c565d",
   "metadata": {},
   "source": [
    "## 1. La correlación\n",
    "\n",
    "En la lección 2 (\"La correlación\") del curso \"Probabilidad Nivel Avanzado\" hablamos en detalle de la correlación.\n",
    "\n",
    "De manera simple:\n",
    "\n",
    "> La correlación mide el grado de relación que hay entre dos variables numéricas.\n",
    "\n",
    "Esta correlación varía en el rango de -1 a 1:\n",
    "\n",
    "- Si es cercana a -1 tenemos una relación **inversa** entre las variables (si la una aumenta la otra disminuye)\n",
    "- Si es cercana a 1 la relación es **directa** (ambas variables cambian proporcionalmente)\n",
    "- Si es cercana a 0 prácticamente no están relacionadas\n",
    "\n",
    "Veamos cómo calcular la correlación entre pares de variables numéricas. Comencemos leyendo el set de datos *etfs-retornos-diarios.csv* que contiene los porcentajes de retorno diario entregados por diferentes ETFs (*exchange-traded funds* o fondos cotizados):"
   ]
  },
  {
   "cell_type": "code",
   "execution_count": 1,
   "id": "93f2a3cd",
   "metadata": {},
   "outputs": [
    {
     "data": {
      "text/html": [
       "<div>\n",
       "<style scoped>\n",
       "    .dataframe tbody tr th:only-of-type {\n",
       "        vertical-align: middle;\n",
       "    }\n",
       "\n",
       "    .dataframe tbody tr th {\n",
       "        vertical-align: top;\n",
       "    }\n",
       "\n",
       "    .dataframe thead th {\n",
       "        text-align: right;\n",
       "    }\n",
       "</style>\n",
       "<table border=\"1\" class=\"dataframe\">\n",
       "  <thead>\n",
       "    <tr style=\"text-align: right;\">\n",
       "      <th></th>\n",
       "      <th>XLI</th>\n",
       "      <th>QQQ</th>\n",
       "      <th>SPY</th>\n",
       "      <th>DIA</th>\n",
       "      <th>GLD</th>\n",
       "      <th>VXX</th>\n",
       "      <th>USO</th>\n",
       "      <th>IWM</th>\n",
       "      <th>XLE</th>\n",
       "      <th>XLY</th>\n",
       "      <th>XLU</th>\n",
       "      <th>XLB</th>\n",
       "      <th>XTL</th>\n",
       "      <th>XLV</th>\n",
       "      <th>XLP</th>\n",
       "      <th>XLF</th>\n",
       "      <th>XLK</th>\n",
       "    </tr>\n",
       "  </thead>\n",
       "  <tbody>\n",
       "    <tr>\n",
       "      <th>0</th>\n",
       "      <td>-0.376098</td>\n",
       "      <td>0.096313</td>\n",
       "      <td>0.028223</td>\n",
       "      <td>-0.242796</td>\n",
       "      <td>0.419998</td>\n",
       "      <td>-10.400000</td>\n",
       "      <td>0.000000</td>\n",
       "      <td>0.534641</td>\n",
       "      <td>0.028186</td>\n",
       "      <td>0.095759</td>\n",
       "      <td>0.098311</td>\n",
       "      <td>-0.093713</td>\n",
       "      <td>0.019076</td>\n",
       "      <td>-0.009529</td>\n",
       "      <td>0.313499</td>\n",
       "      <td>0.018999</td>\n",
       "      <td>0.075668</td>\n",
       "    </tr>\n",
       "    <tr>\n",
       "      <th>1</th>\n",
       "      <td>0.376099</td>\n",
       "      <td>0.481576</td>\n",
       "      <td>0.874936</td>\n",
       "      <td>0.728405</td>\n",
       "      <td>0.490006</td>\n",
       "      <td>-3.520000</td>\n",
       "      <td>0.250000</td>\n",
       "      <td>0.926067</td>\n",
       "      <td>0.995942</td>\n",
       "      <td>0.000000</td>\n",
       "      <td>-0.044686</td>\n",
       "      <td>0.337373</td>\n",
       "      <td>0.000000</td>\n",
       "      <td>0.000000</td>\n",
       "      <td>0.129087</td>\n",
       "      <td>0.104492</td>\n",
       "      <td>0.236462</td>\n",
       "    </tr>\n",
       "    <tr>\n",
       "      <th>2</th>\n",
       "      <td>0.150440</td>\n",
       "      <td>0.096313</td>\n",
       "      <td>-0.103487</td>\n",
       "      <td>0.149420</td>\n",
       "      <td>0.239991</td>\n",
       "      <td>6.560000</td>\n",
       "      <td>-0.070000</td>\n",
       "      <td>-0.171848</td>\n",
       "      <td>-0.460387</td>\n",
       "      <td>0.306431</td>\n",
       "      <td>-0.151938</td>\n",
       "      <td>0.103086</td>\n",
       "      <td>0.019072</td>\n",
       "      <td>-0.142955</td>\n",
       "      <td>-0.073766</td>\n",
       "      <td>-0.142490</td>\n",
       "      <td>0.066211</td>\n",
       "    </tr>\n",
       "    <tr>\n",
       "      <th>3</th>\n",
       "      <td>-0.141040</td>\n",
       "      <td>-0.491201</td>\n",
       "      <td>0.018819</td>\n",
       "      <td>-0.205449</td>\n",
       "      <td>-0.519989</td>\n",
       "      <td>-8.800000</td>\n",
       "      <td>-0.180000</td>\n",
       "      <td>-0.229128</td>\n",
       "      <td>0.206706</td>\n",
       "      <td>0.153214</td>\n",
       "      <td>0.080437</td>\n",
       "      <td>0.018744</td>\n",
       "      <td>-0.429213</td>\n",
       "      <td>-0.095304</td>\n",
       "      <td>0.119865</td>\n",
       "      <td>0.066495</td>\n",
       "      <td>-0.227003</td>\n",
       "    </tr>\n",
       "    <tr>\n",
       "      <th>4</th>\n",
       "      <td>0.244465</td>\n",
       "      <td>-0.048160</td>\n",
       "      <td>-0.056445</td>\n",
       "      <td>-0.168094</td>\n",
       "      <td>0.429992</td>\n",
       "      <td>-0.480000</td>\n",
       "      <td>0.459999</td>\n",
       "      <td>-0.190939</td>\n",
       "      <td>-0.234892</td>\n",
       "      <td>-0.201098</td>\n",
       "      <td>-0.035751</td>\n",
       "      <td>-0.168687</td>\n",
       "      <td>0.000000</td>\n",
       "      <td>0.352630</td>\n",
       "      <td>-0.064548</td>\n",
       "      <td>0.018999</td>\n",
       "      <td>0.009457</td>\n",
       "    </tr>\n",
       "    <tr>\n",
       "      <th>...</th>\n",
       "      <td>...</td>\n",
       "      <td>...</td>\n",
       "      <td>...</td>\n",
       "      <td>...</td>\n",
       "      <td>...</td>\n",
       "      <td>...</td>\n",
       "      <td>...</td>\n",
       "      <td>...</td>\n",
       "      <td>...</td>\n",
       "      <td>...</td>\n",
       "      <td>...</td>\n",
       "      <td>...</td>\n",
       "      <td>...</td>\n",
       "      <td>...</td>\n",
       "      <td>...</td>\n",
       "      <td>...</td>\n",
       "      <td>...</td>\n",
       "    </tr>\n",
       "    <tr>\n",
       "      <th>749</th>\n",
       "      <td>-0.379997</td>\n",
       "      <td>-0.669998</td>\n",
       "      <td>-1.270004</td>\n",
       "      <td>-1.398679</td>\n",
       "      <td>0.010002</td>\n",
       "      <td>0.279999</td>\n",
       "      <td>-0.069999</td>\n",
       "      <td>-0.497896</td>\n",
       "      <td>-0.750000</td>\n",
       "      <td>-0.200005</td>\n",
       "      <td>-0.309997</td>\n",
       "      <td>-0.059997</td>\n",
       "      <td>-0.229999</td>\n",
       "      <td>0.189994</td>\n",
       "      <td>-0.279999</td>\n",
       "      <td>-0.220002</td>\n",
       "      <td>-0.330002</td>\n",
       "    </tr>\n",
       "    <tr>\n",
       "      <th>750</th>\n",
       "      <td>-0.040001</td>\n",
       "      <td>-0.700004</td>\n",
       "      <td>-0.389999</td>\n",
       "      <td>-0.079926</td>\n",
       "      <td>0.360001</td>\n",
       "      <td>-0.020001</td>\n",
       "      <td>0.189999</td>\n",
       "      <td>-0.587512</td>\n",
       "      <td>0.259995</td>\n",
       "      <td>-0.010002</td>\n",
       "      <td>0.340000</td>\n",
       "      <td>-0.290001</td>\n",
       "      <td>-0.280002</td>\n",
       "      <td>-0.220001</td>\n",
       "      <td>0.029998</td>\n",
       "      <td>-0.030001</td>\n",
       "      <td>-0.330002</td>\n",
       "    </tr>\n",
       "    <tr>\n",
       "      <th>751</th>\n",
       "      <td>-0.590000</td>\n",
       "      <td>-1.320000</td>\n",
       "      <td>-2.580002</td>\n",
       "      <td>-1.918189</td>\n",
       "      <td>0.260002</td>\n",
       "      <td>1.829999</td>\n",
       "      <td>-0.080000</td>\n",
       "      <td>-2.280327</td>\n",
       "      <td>-0.500000</td>\n",
       "      <td>-1.089996</td>\n",
       "      <td>-0.160000</td>\n",
       "      <td>-0.769996</td>\n",
       "      <td>-0.700001</td>\n",
       "      <td>-1.180000</td>\n",
       "      <td>-0.500000</td>\n",
       "      <td>-0.330000</td>\n",
       "      <td>-0.450000</td>\n",
       "    </tr>\n",
       "    <tr>\n",
       "      <th>752</th>\n",
       "      <td>-0.480000</td>\n",
       "      <td>-0.419998</td>\n",
       "      <td>-1.369996</td>\n",
       "      <td>-1.168887</td>\n",
       "      <td>0.130005</td>\n",
       "      <td>0.889999</td>\n",
       "      <td>0.139999</td>\n",
       "      <td>-0.338568</td>\n",
       "      <td>-0.169998</td>\n",
       "      <td>-0.430001</td>\n",
       "      <td>-0.310001</td>\n",
       "      <td>-0.270001</td>\n",
       "      <td>0.259999</td>\n",
       "      <td>-0.510002</td>\n",
       "      <td>-0.580002</td>\n",
       "      <td>-0.150002</td>\n",
       "      <td>-0.269996</td>\n",
       "    </tr>\n",
       "    <tr>\n",
       "      <th>753</th>\n",
       "      <td>-0.269996</td>\n",
       "      <td>-0.279999</td>\n",
       "      <td>-0.159989</td>\n",
       "      <td>-0.169852</td>\n",
       "      <td>-0.140000</td>\n",
       "      <td>-0.309999</td>\n",
       "      <td>-0.440001</td>\n",
       "      <td>-0.537713</td>\n",
       "      <td>-1.110001</td>\n",
       "      <td>0.220001</td>\n",
       "      <td>0.200001</td>\n",
       "      <td>-0.219997</td>\n",
       "      <td>-1.029998</td>\n",
       "      <td>0.029998</td>\n",
       "      <td>0.290001</td>\n",
       "      <td>-0.010000</td>\n",
       "      <td>-0.090000</td>\n",
       "    </tr>\n",
       "  </tbody>\n",
       "</table>\n",
       "<p>754 rows × 17 columns</p>\n",
       "</div>"
      ],
      "text/plain": [
       "          XLI       QQQ       SPY       DIA       GLD        VXX       USO  \\\n",
       "0   -0.376098  0.096313  0.028223 -0.242796  0.419998 -10.400000  0.000000   \n",
       "1    0.376099  0.481576  0.874936  0.728405  0.490006  -3.520000  0.250000   \n",
       "2    0.150440  0.096313 -0.103487  0.149420  0.239991   6.560000 -0.070000   \n",
       "3   -0.141040 -0.491201  0.018819 -0.205449 -0.519989  -8.800000 -0.180000   \n",
       "4    0.244465 -0.048160 -0.056445 -0.168094  0.429992  -0.480000  0.459999   \n",
       "..        ...       ...       ...       ...       ...        ...       ...   \n",
       "749 -0.379997 -0.669998 -1.270004 -1.398679  0.010002   0.279999 -0.069999   \n",
       "750 -0.040001 -0.700004 -0.389999 -0.079926  0.360001  -0.020001  0.189999   \n",
       "751 -0.590000 -1.320000 -2.580002 -1.918189  0.260002   1.829999 -0.080000   \n",
       "752 -0.480000 -0.419998 -1.369996 -1.168887  0.130005   0.889999  0.139999   \n",
       "753 -0.269996 -0.279999 -0.159989 -0.169852 -0.140000  -0.309999 -0.440001   \n",
       "\n",
       "          IWM       XLE       XLY       XLU       XLB       XTL       XLV  \\\n",
       "0    0.534641  0.028186  0.095759  0.098311 -0.093713  0.019076 -0.009529   \n",
       "1    0.926067  0.995942  0.000000 -0.044686  0.337373  0.000000  0.000000   \n",
       "2   -0.171848 -0.460387  0.306431 -0.151938  0.103086  0.019072 -0.142955   \n",
       "3   -0.229128  0.206706  0.153214  0.080437  0.018744 -0.429213 -0.095304   \n",
       "4   -0.190939 -0.234892 -0.201098 -0.035751 -0.168687  0.000000  0.352630   \n",
       "..        ...       ...       ...       ...       ...       ...       ...   \n",
       "749 -0.497896 -0.750000 -0.200005 -0.309997 -0.059997 -0.229999  0.189994   \n",
       "750 -0.587512  0.259995 -0.010002  0.340000 -0.290001 -0.280002 -0.220001   \n",
       "751 -2.280327 -0.500000 -1.089996 -0.160000 -0.769996 -0.700001 -1.180000   \n",
       "752 -0.338568 -0.169998 -0.430001 -0.310001 -0.270001  0.259999 -0.510002   \n",
       "753 -0.537713 -1.110001  0.220001  0.200001 -0.219997 -1.029998  0.029998   \n",
       "\n",
       "          XLP       XLF       XLK  \n",
       "0    0.313499  0.018999  0.075668  \n",
       "1    0.129087  0.104492  0.236462  \n",
       "2   -0.073766 -0.142490  0.066211  \n",
       "3    0.119865  0.066495 -0.227003  \n",
       "4   -0.064548  0.018999  0.009457  \n",
       "..        ...       ...       ...  \n",
       "749 -0.279999 -0.220002 -0.330002  \n",
       "750  0.029998 -0.030001 -0.330002  \n",
       "751 -0.500000 -0.330000 -0.450000  \n",
       "752 -0.580002 -0.150002 -0.269996  \n",
       "753  0.290001 -0.010000 -0.090000  \n",
       "\n",
       "[754 rows x 17 columns]"
      ]
     },
     "execution_count": 1,
     "metadata": {},
     "output_type": "execute_result"
    }
   ],
   "source": [
    "# Leer el set de datos\n",
    "import pandas as pd\n",
    "\n",
    "ruta = '/Users/miguel/Library/CloudStorage/GoogleDrive-miguel@codificandobits.com/My Drive/02-CODIFICANDOBITS.COM/04-Academia/01-Cursos/21-2024-03-Estadística-Descriptiva/datos/'\n",
    "etfs = pd.read_csv(ruta + 'etfs-retornos-diarios.csv')\n",
    "etfs"
   ]
  },
  {
   "cell_type": "markdown",
   "id": "87ca97d8",
   "metadata": {},
   "source": [
    "Algunos de estos fondos contienen acciones de empresas en estos sectores:\n",
    "\n",
    "- Sector Tecnológico: QQQ, XLK\n",
    "- Sector energético: XLE, USO\n",
    "- Sector de consumo: XLY, XLP\n",
    "- Sector de Salud: XLV\n",
    "- Sector financiero: XLF\n",
    "- Sector de materias primas: XLB\n",
    "\n",
    "Midamos por ejemplo el grado de relación entre un ETF del sector tecnológico (como por ejemplo QQQ) con uno del sector energético (por ejemplo USO). Para ello podemos usar el método `corr()`:"
   ]
  },
  {
   "cell_type": "code",
   "execution_count": 2,
   "id": "972e00de",
   "metadata": {},
   "outputs": [
    {
     "data": {
      "text/plain": [
       "0.19949158785354248"
      ]
     },
     "execution_count": 2,
     "metadata": {},
     "output_type": "execute_result"
    }
   ],
   "source": [
    "etfs['QQQ'].corr(etfs['USO'])"
   ]
  },
  {
   "cell_type": "markdown",
   "id": "0d4fe3e2",
   "metadata": {},
   "source": [
    "¿Qué nos dice este índice de correlación?\n",
    "\n",
    "Que las variaciones diarias (retornos) de las empresas del sector tecnológico (medidas a través del ETF QQQ) **no están prácticamente relacionadas** con aquellas de las empresas del sector energético (medidas a través del ETF USO).\n",
    "\n",
    "¿Qué pasa si comparamos ETFs del mismo sector, por ejemplo XLY y XLP?:"
   ]
  },
  {
   "cell_type": "code",
   "execution_count": 3,
   "id": "88055317",
   "metadata": {},
   "outputs": [
    {
     "data": {
      "text/plain": [
       "0.663055480571772"
      ]
     },
     "execution_count": 3,
     "metadata": {},
     "output_type": "execute_result"
    }
   ],
   "source": [
    "etfs['XLY'].corr(etfs['XLP'])"
   ]
  },
  {
   "cell_type": "markdown",
   "id": "38d0c49d",
   "metadata": {},
   "source": [
    "Acá hay un mayor grado de **correlación positiva** que nos indica que incrementos en un ETF están asociados a incrementos en el otro."
   ]
  },
  {
   "cell_type": "markdown",
   "id": "50295e9e",
   "metadata": {},
   "source": [
    "## 2. La matriz de correlación\n",
    "\n",
    "Cuando tenemos múltiples variables numéricas (como en el caso del set de datos anterior, que contiene 17 variables) no resulta práctico realizar la correlación por pares individuales para luego extraer información relevante.\n",
    "\n",
    "Lo más práctico es mostrar esta información de manera condensada en una matriz que se conoce como la **matriz de correlación**. En esta matriz simplemente mostramos de manera organizada los índices de correlación existentes entre todos los posibles pares de variables.\n",
    "\n",
    "Para calcularla podemos usar el método `corr()` aplicado sobre el *DataFrame*:"
   ]
  },
  {
   "cell_type": "code",
   "execution_count": 4,
   "id": "3573dc4c",
   "metadata": {},
   "outputs": [
    {
     "data": {
      "text/html": [
       "<div>\n",
       "<style scoped>\n",
       "    .dataframe tbody tr th:only-of-type {\n",
       "        vertical-align: middle;\n",
       "    }\n",
       "\n",
       "    .dataframe tbody tr th {\n",
       "        vertical-align: top;\n",
       "    }\n",
       "\n",
       "    .dataframe thead th {\n",
       "        text-align: right;\n",
       "    }\n",
       "</style>\n",
       "<table border=\"1\" class=\"dataframe\">\n",
       "  <thead>\n",
       "    <tr style=\"text-align: right;\">\n",
       "      <th></th>\n",
       "      <th>XLI</th>\n",
       "      <th>QQQ</th>\n",
       "      <th>SPY</th>\n",
       "      <th>DIA</th>\n",
       "      <th>GLD</th>\n",
       "      <th>VXX</th>\n",
       "      <th>USO</th>\n",
       "      <th>IWM</th>\n",
       "      <th>XLE</th>\n",
       "      <th>XLY</th>\n",
       "      <th>XLU</th>\n",
       "      <th>XLB</th>\n",
       "      <th>XTL</th>\n",
       "      <th>XLV</th>\n",
       "      <th>XLP</th>\n",
       "      <th>XLF</th>\n",
       "      <th>XLK</th>\n",
       "    </tr>\n",
       "  </thead>\n",
       "  <tbody>\n",
       "    <tr>\n",
       "      <th>XLI</th>\n",
       "      <td>1.000000</td>\n",
       "      <td>0.785865</td>\n",
       "      <td>0.888865</td>\n",
       "      <td>0.869680</td>\n",
       "      <td>0.056554</td>\n",
       "      <td>-0.468196</td>\n",
       "      <td>0.236881</td>\n",
       "      <td>0.782380</td>\n",
       "      <td>0.650054</td>\n",
       "      <td>0.798080</td>\n",
       "      <td>0.380809</td>\n",
       "      <td>0.784144</td>\n",
       "      <td>0.374000</td>\n",
       "      <td>0.663022</td>\n",
       "      <td>0.600424</td>\n",
       "      <td>0.787340</td>\n",
       "      <td>0.777773</td>\n",
       "    </tr>\n",
       "    <tr>\n",
       "      <th>QQQ</th>\n",
       "      <td>0.785865</td>\n",
       "      <td>1.000000</td>\n",
       "      <td>0.908995</td>\n",
       "      <td>0.834440</td>\n",
       "      <td>0.043553</td>\n",
       "      <td>-0.470555</td>\n",
       "      <td>0.199492</td>\n",
       "      <td>0.810158</td>\n",
       "      <td>0.560044</td>\n",
       "      <td>0.839701</td>\n",
       "      <td>0.346667</td>\n",
       "      <td>0.713463</td>\n",
       "      <td>0.421790</td>\n",
       "      <td>0.775392</td>\n",
       "      <td>0.614806</td>\n",
       "      <td>0.752771</td>\n",
       "      <td>0.945126</td>\n",
       "    </tr>\n",
       "    <tr>\n",
       "      <th>SPY</th>\n",
       "      <td>0.888865</td>\n",
       "      <td>0.908995</td>\n",
       "      <td>1.000000</td>\n",
       "      <td>0.953726</td>\n",
       "      <td>0.078722</td>\n",
       "      <td>-0.547074</td>\n",
       "      <td>0.272069</td>\n",
       "      <td>0.833937</td>\n",
       "      <td>0.713300</td>\n",
       "      <td>0.887028</td>\n",
       "      <td>0.481928</td>\n",
       "      <td>0.826053</td>\n",
       "      <td>0.406181</td>\n",
       "      <td>0.811269</td>\n",
       "      <td>0.744466</td>\n",
       "      <td>0.883616</td>\n",
       "      <td>0.886588</td>\n",
       "    </tr>\n",
       "    <tr>\n",
       "      <th>DIA</th>\n",
       "      <td>0.869680</td>\n",
       "      <td>0.834440</td>\n",
       "      <td>0.953726</td>\n",
       "      <td>1.000000</td>\n",
       "      <td>0.051523</td>\n",
       "      <td>-0.511327</td>\n",
       "      <td>0.256793</td>\n",
       "      <td>0.758012</td>\n",
       "      <td>0.658311</td>\n",
       "      <td>0.847043</td>\n",
       "      <td>0.463364</td>\n",
       "      <td>0.787415</td>\n",
       "      <td>0.383928</td>\n",
       "      <td>0.771044</td>\n",
       "      <td>0.753725</td>\n",
       "      <td>0.860556</td>\n",
       "      <td>0.842757</td>\n",
       "    </tr>\n",
       "    <tr>\n",
       "      <th>GLD</th>\n",
       "      <td>0.056554</td>\n",
       "      <td>0.043553</td>\n",
       "      <td>0.078722</td>\n",
       "      <td>0.051523</td>\n",
       "      <td>1.000000</td>\n",
       "      <td>-0.107488</td>\n",
       "      <td>0.216563</td>\n",
       "      <td>0.070110</td>\n",
       "      <td>0.188625</td>\n",
       "      <td>0.017467</td>\n",
       "      <td>0.121611</td>\n",
       "      <td>0.184366</td>\n",
       "      <td>-0.042233</td>\n",
       "      <td>-0.010200</td>\n",
       "      <td>0.033047</td>\n",
       "      <td>0.043039</td>\n",
       "      <td>0.053022</td>\n",
       "    </tr>\n",
       "    <tr>\n",
       "      <th>VXX</th>\n",
       "      <td>-0.468196</td>\n",
       "      <td>-0.470555</td>\n",
       "      <td>-0.547074</td>\n",
       "      <td>-0.511327</td>\n",
       "      <td>-0.107488</td>\n",
       "      <td>1.000000</td>\n",
       "      <td>-0.195397</td>\n",
       "      <td>-0.448942</td>\n",
       "      <td>-0.448474</td>\n",
       "      <td>-0.474756</td>\n",
       "      <td>-0.260395</td>\n",
       "      <td>-0.470890</td>\n",
       "      <td>-0.205661</td>\n",
       "      <td>-0.380925</td>\n",
       "      <td>-0.416913</td>\n",
       "      <td>-0.514365</td>\n",
       "      <td>-0.477258</td>\n",
       "    </tr>\n",
       "    <tr>\n",
       "      <th>USO</th>\n",
       "      <td>0.236881</td>\n",
       "      <td>0.199492</td>\n",
       "      <td>0.272069</td>\n",
       "      <td>0.256793</td>\n",
       "      <td>0.216563</td>\n",
       "      <td>-0.195397</td>\n",
       "      <td>1.000000</td>\n",
       "      <td>0.249799</td>\n",
       "      <td>0.525943</td>\n",
       "      <td>0.183275</td>\n",
       "      <td>0.113182</td>\n",
       "      <td>0.324166</td>\n",
       "      <td>0.078796</td>\n",
       "      <td>0.119500</td>\n",
       "      <td>0.116857</td>\n",
       "      <td>0.221760</td>\n",
       "      <td>0.225962</td>\n",
       "    </tr>\n",
       "    <tr>\n",
       "      <th>IWM</th>\n",
       "      <td>0.782380</td>\n",
       "      <td>0.810158</td>\n",
       "      <td>0.833937</td>\n",
       "      <td>0.758012</td>\n",
       "      <td>0.070110</td>\n",
       "      <td>-0.448942</td>\n",
       "      <td>0.249799</td>\n",
       "      <td>1.000000</td>\n",
       "      <td>0.586991</td>\n",
       "      <td>0.779750</td>\n",
       "      <td>0.325003</td>\n",
       "      <td>0.701533</td>\n",
       "      <td>0.387274</td>\n",
       "      <td>0.664288</td>\n",
       "      <td>0.537065</td>\n",
       "      <td>0.756282</td>\n",
       "      <td>0.760438</td>\n",
       "    </tr>\n",
       "    <tr>\n",
       "      <th>XLE</th>\n",
       "      <td>0.650054</td>\n",
       "      <td>0.560044</td>\n",
       "      <td>0.713300</td>\n",
       "      <td>0.658311</td>\n",
       "      <td>0.188625</td>\n",
       "      <td>-0.448474</td>\n",
       "      <td>0.525943</td>\n",
       "      <td>0.586991</td>\n",
       "      <td>1.000000</td>\n",
       "      <td>0.578956</td>\n",
       "      <td>0.337942</td>\n",
       "      <td>0.689778</td>\n",
       "      <td>0.260463</td>\n",
       "      <td>0.454457</td>\n",
       "      <td>0.413486</td>\n",
       "      <td>0.599129</td>\n",
       "      <td>0.559324</td>\n",
       "    </tr>\n",
       "    <tr>\n",
       "      <th>XLY</th>\n",
       "      <td>0.798080</td>\n",
       "      <td>0.839701</td>\n",
       "      <td>0.887028</td>\n",
       "      <td>0.847043</td>\n",
       "      <td>0.017467</td>\n",
       "      <td>-0.474756</td>\n",
       "      <td>0.183275</td>\n",
       "      <td>0.779750</td>\n",
       "      <td>0.578956</td>\n",
       "      <td>1.000000</td>\n",
       "      <td>0.366827</td>\n",
       "      <td>0.721232</td>\n",
       "      <td>0.370299</td>\n",
       "      <td>0.702860</td>\n",
       "      <td>0.663055</td>\n",
       "      <td>0.782053</td>\n",
       "      <td>0.772189</td>\n",
       "    </tr>\n",
       "    <tr>\n",
       "      <th>XLU</th>\n",
       "      <td>0.380809</td>\n",
       "      <td>0.346667</td>\n",
       "      <td>0.481928</td>\n",
       "      <td>0.463364</td>\n",
       "      <td>0.121611</td>\n",
       "      <td>-0.260395</td>\n",
       "      <td>0.113182</td>\n",
       "      <td>0.325003</td>\n",
       "      <td>0.337942</td>\n",
       "      <td>0.366827</td>\n",
       "      <td>1.000000</td>\n",
       "      <td>0.363410</td>\n",
       "      <td>0.136935</td>\n",
       "      <td>0.398578</td>\n",
       "      <td>0.528730</td>\n",
       "      <td>0.409343</td>\n",
       "      <td>0.355003</td>\n",
       "    </tr>\n",
       "    <tr>\n",
       "      <th>XLB</th>\n",
       "      <td>0.784144</td>\n",
       "      <td>0.713463</td>\n",
       "      <td>0.826053</td>\n",
       "      <td>0.787415</td>\n",
       "      <td>0.184366</td>\n",
       "      <td>-0.470890</td>\n",
       "      <td>0.324166</td>\n",
       "      <td>0.701533</td>\n",
       "      <td>0.689778</td>\n",
       "      <td>0.721232</td>\n",
       "      <td>0.363410</td>\n",
       "      <td>1.000000</td>\n",
       "      <td>0.346413</td>\n",
       "      <td>0.595411</td>\n",
       "      <td>0.533089</td>\n",
       "      <td>0.734593</td>\n",
       "      <td>0.709180</td>\n",
       "    </tr>\n",
       "    <tr>\n",
       "      <th>XTL</th>\n",
       "      <td>0.374000</td>\n",
       "      <td>0.421790</td>\n",
       "      <td>0.406181</td>\n",
       "      <td>0.383928</td>\n",
       "      <td>-0.042233</td>\n",
       "      <td>-0.205661</td>\n",
       "      <td>0.078796</td>\n",
       "      <td>0.387274</td>\n",
       "      <td>0.260463</td>\n",
       "      <td>0.370299</td>\n",
       "      <td>0.136935</td>\n",
       "      <td>0.346413</td>\n",
       "      <td>1.000000</td>\n",
       "      <td>0.324929</td>\n",
       "      <td>0.252531</td>\n",
       "      <td>0.345952</td>\n",
       "      <td>0.415560</td>\n",
       "    </tr>\n",
       "    <tr>\n",
       "      <th>XLV</th>\n",
       "      <td>0.663022</td>\n",
       "      <td>0.775392</td>\n",
       "      <td>0.811269</td>\n",
       "      <td>0.771044</td>\n",
       "      <td>-0.010200</td>\n",
       "      <td>-0.380925</td>\n",
       "      <td>0.119500</td>\n",
       "      <td>0.664288</td>\n",
       "      <td>0.454457</td>\n",
       "      <td>0.702860</td>\n",
       "      <td>0.398578</td>\n",
       "      <td>0.595411</td>\n",
       "      <td>0.324929</td>\n",
       "      <td>1.000000</td>\n",
       "      <td>0.648345</td>\n",
       "      <td>0.674114</td>\n",
       "      <td>0.676312</td>\n",
       "    </tr>\n",
       "    <tr>\n",
       "      <th>XLP</th>\n",
       "      <td>0.600424</td>\n",
       "      <td>0.614806</td>\n",
       "      <td>0.744466</td>\n",
       "      <td>0.753725</td>\n",
       "      <td>0.033047</td>\n",
       "      <td>-0.416913</td>\n",
       "      <td>0.116857</td>\n",
       "      <td>0.537065</td>\n",
       "      <td>0.413486</td>\n",
       "      <td>0.663055</td>\n",
       "      <td>0.528730</td>\n",
       "      <td>0.533089</td>\n",
       "      <td>0.252531</td>\n",
       "      <td>0.648345</td>\n",
       "      <td>1.000000</td>\n",
       "      <td>0.635411</td>\n",
       "      <td>0.609973</td>\n",
       "    </tr>\n",
       "    <tr>\n",
       "      <th>XLF</th>\n",
       "      <td>0.787340</td>\n",
       "      <td>0.752771</td>\n",
       "      <td>0.883616</td>\n",
       "      <td>0.860556</td>\n",
       "      <td>0.043039</td>\n",
       "      <td>-0.514365</td>\n",
       "      <td>0.221760</td>\n",
       "      <td>0.756282</td>\n",
       "      <td>0.599129</td>\n",
       "      <td>0.782053</td>\n",
       "      <td>0.409343</td>\n",
       "      <td>0.734593</td>\n",
       "      <td>0.345952</td>\n",
       "      <td>0.674114</td>\n",
       "      <td>0.635411</td>\n",
       "      <td>1.000000</td>\n",
       "      <td>0.745538</td>\n",
       "    </tr>\n",
       "    <tr>\n",
       "      <th>XLK</th>\n",
       "      <td>0.777773</td>\n",
       "      <td>0.945126</td>\n",
       "      <td>0.886588</td>\n",
       "      <td>0.842757</td>\n",
       "      <td>0.053022</td>\n",
       "      <td>-0.477258</td>\n",
       "      <td>0.225962</td>\n",
       "      <td>0.760438</td>\n",
       "      <td>0.559324</td>\n",
       "      <td>0.772189</td>\n",
       "      <td>0.355003</td>\n",
       "      <td>0.709180</td>\n",
       "      <td>0.415560</td>\n",
       "      <td>0.676312</td>\n",
       "      <td>0.609973</td>\n",
       "      <td>0.745538</td>\n",
       "      <td>1.000000</td>\n",
       "    </tr>\n",
       "  </tbody>\n",
       "</table>\n",
       "</div>"
      ],
      "text/plain": [
       "          XLI       QQQ       SPY       DIA       GLD       VXX       USO  \\\n",
       "XLI  1.000000  0.785865  0.888865  0.869680  0.056554 -0.468196  0.236881   \n",
       "QQQ  0.785865  1.000000  0.908995  0.834440  0.043553 -0.470555  0.199492   \n",
       "SPY  0.888865  0.908995  1.000000  0.953726  0.078722 -0.547074  0.272069   \n",
       "DIA  0.869680  0.834440  0.953726  1.000000  0.051523 -0.511327  0.256793   \n",
       "GLD  0.056554  0.043553  0.078722  0.051523  1.000000 -0.107488  0.216563   \n",
       "VXX -0.468196 -0.470555 -0.547074 -0.511327 -0.107488  1.000000 -0.195397   \n",
       "USO  0.236881  0.199492  0.272069  0.256793  0.216563 -0.195397  1.000000   \n",
       "IWM  0.782380  0.810158  0.833937  0.758012  0.070110 -0.448942  0.249799   \n",
       "XLE  0.650054  0.560044  0.713300  0.658311  0.188625 -0.448474  0.525943   \n",
       "XLY  0.798080  0.839701  0.887028  0.847043  0.017467 -0.474756  0.183275   \n",
       "XLU  0.380809  0.346667  0.481928  0.463364  0.121611 -0.260395  0.113182   \n",
       "XLB  0.784144  0.713463  0.826053  0.787415  0.184366 -0.470890  0.324166   \n",
       "XTL  0.374000  0.421790  0.406181  0.383928 -0.042233 -0.205661  0.078796   \n",
       "XLV  0.663022  0.775392  0.811269  0.771044 -0.010200 -0.380925  0.119500   \n",
       "XLP  0.600424  0.614806  0.744466  0.753725  0.033047 -0.416913  0.116857   \n",
       "XLF  0.787340  0.752771  0.883616  0.860556  0.043039 -0.514365  0.221760   \n",
       "XLK  0.777773  0.945126  0.886588  0.842757  0.053022 -0.477258  0.225962   \n",
       "\n",
       "          IWM       XLE       XLY       XLU       XLB       XTL       XLV  \\\n",
       "XLI  0.782380  0.650054  0.798080  0.380809  0.784144  0.374000  0.663022   \n",
       "QQQ  0.810158  0.560044  0.839701  0.346667  0.713463  0.421790  0.775392   \n",
       "SPY  0.833937  0.713300  0.887028  0.481928  0.826053  0.406181  0.811269   \n",
       "DIA  0.758012  0.658311  0.847043  0.463364  0.787415  0.383928  0.771044   \n",
       "GLD  0.070110  0.188625  0.017467  0.121611  0.184366 -0.042233 -0.010200   \n",
       "VXX -0.448942 -0.448474 -0.474756 -0.260395 -0.470890 -0.205661 -0.380925   \n",
       "USO  0.249799  0.525943  0.183275  0.113182  0.324166  0.078796  0.119500   \n",
       "IWM  1.000000  0.586991  0.779750  0.325003  0.701533  0.387274  0.664288   \n",
       "XLE  0.586991  1.000000  0.578956  0.337942  0.689778  0.260463  0.454457   \n",
       "XLY  0.779750  0.578956  1.000000  0.366827  0.721232  0.370299  0.702860   \n",
       "XLU  0.325003  0.337942  0.366827  1.000000  0.363410  0.136935  0.398578   \n",
       "XLB  0.701533  0.689778  0.721232  0.363410  1.000000  0.346413  0.595411   \n",
       "XTL  0.387274  0.260463  0.370299  0.136935  0.346413  1.000000  0.324929   \n",
       "XLV  0.664288  0.454457  0.702860  0.398578  0.595411  0.324929  1.000000   \n",
       "XLP  0.537065  0.413486  0.663055  0.528730  0.533089  0.252531  0.648345   \n",
       "XLF  0.756282  0.599129  0.782053  0.409343  0.734593  0.345952  0.674114   \n",
       "XLK  0.760438  0.559324  0.772189  0.355003  0.709180  0.415560  0.676312   \n",
       "\n",
       "          XLP       XLF       XLK  \n",
       "XLI  0.600424  0.787340  0.777773  \n",
       "QQQ  0.614806  0.752771  0.945126  \n",
       "SPY  0.744466  0.883616  0.886588  \n",
       "DIA  0.753725  0.860556  0.842757  \n",
       "GLD  0.033047  0.043039  0.053022  \n",
       "VXX -0.416913 -0.514365 -0.477258  \n",
       "USO  0.116857  0.221760  0.225962  \n",
       "IWM  0.537065  0.756282  0.760438  \n",
       "XLE  0.413486  0.599129  0.559324  \n",
       "XLY  0.663055  0.782053  0.772189  \n",
       "XLU  0.528730  0.409343  0.355003  \n",
       "XLB  0.533089  0.734593  0.709180  \n",
       "XTL  0.252531  0.345952  0.415560  \n",
       "XLV  0.648345  0.674114  0.676312  \n",
       "XLP  1.000000  0.635411  0.609973  \n",
       "XLF  0.635411  1.000000  0.745538  \n",
       "XLK  0.609973  0.745538  1.000000  "
      ]
     },
     "execution_count": 4,
     "metadata": {},
     "output_type": "execute_result"
    }
   ],
   "source": [
    "# Matriz de correlación para todas las variables numéricas\n",
    "etfs.corr()"
   ]
  },
  {
   "cell_type": "markdown",
   "id": "05b84af0",
   "metadata": {},
   "source": [
    "Algunas características importantes de esta matriz:\n",
    "\n",
    "- Es una **matriz cuadrada** donde el número de filas y columnas es el mismo e igual al número de variables (en el caso anterior la matriz será de 17x17.\n",
    "- Cada elemento $a_{i,j}$ de la matriz es el índice de correlación entre la variable $i$ y la variable $j$\n",
    "- Los elementos $a_{i,i}$ (diagonal principal) **siempre tendrán valores iguales a 1** pues corresponden al índice de correlación de la variable consigo misma\n",
    "- Es una matriz simétrica con respecto a la diagonal principal: es lo mismo el índice de correlación $a_{i,j}$ que el índice $a_{j,i}$\n",
    "\n",
    "Aunque con esta matriz ya resulta más sencillo extraer conclusiones a partir de las diferentes comparaciones, aún se dificulta el proceso pues tenemos demasiadas variables.\n",
    "\n",
    "Esto se facilita generando un **mapa de calor** (*heatmap*) donde los números (resultado de cada correlación) se mostrarán con un color determinado.\n",
    "\n",
    "Podemos crear este mapa de calor usando el método `heatmap()` de Seaborn combinado con el método `corr()` de Pandas usado anteriormente:"
   ]
  },
  {
   "cell_type": "code",
   "execution_count": 5,
   "id": "52fc0cc1",
   "metadata": {},
   "outputs": [
    {
     "data": {
